0 0.153733 0.245249 0.002097 0.017815
0 0.153104 0.267221 0.002517 0.016627
0 0.153104 0.299287 0.002517 0.017815
0 0.153314 0.317696 0.002097 0.014252
0 0.167785 0.225356 0.010067 0.002969
0 0.182886 0.225059 0.011745 0.002375
0 0.152894 0.383907 0.002936 0.016033
0 0.152894 0.434679 0.002097 0.010689
0 0.152894 0.486639 0.002097 0.014846
0 0.153104 0.521675 0.003356 0.014846
0 0.247903 0.192102 0.009228 0.002969
0 0.260906 0.191805 0.010067 0.002375
0 0.285025 0.191508 0.011326 0.002969
0 0.325294 0.192102 0.008809 0.004157
0 0.337248 0.191508 0.008389 0.002969
0 0.361997 0.192102 0.009228 0.004157
0 0.402685 0.192102 0.010067 0.004157
0 0.414849 0.191805 0.010067 0.003563
0 0.438549 0.191805 0.009648 0.003563
0 0.478188 0.192102 0.006711 0.002969
0 0.491401 0.191805 0.012164 0.002375
0 0.515101 0.191508 0.009228 0.002969
0 0.547609 0.325119 0.002097 0.017221
0 0.340814 0.422803 0.009648 0.003563
0 0.328230 0.423397 0.010487 0.003563
0 0.319631 0.521675 0.002517 0.017221
0 0.319631 0.537708 0.002517 0.010095
