0 0.242869 0.394299 0.003356 0.034442
1 0.258389 0.341152 0.010906 0.005344
1 0.304950 0.340261 0.012584 0.003563
1 0.237416 0.445665 0.002517 0.016033
1 0.236787 0.495843 0.002936 0.016627
1 0.399119 0.404097 0.012164 0.004157
1 0.421980 0.403207 0.010906 0.003563
1 0.322777 0.622922 0.011326 0.003563
1 0.403523 0.623515 0.010906 0.003563
1 0.475671 0.623219 0.011745 0.002969
1 0.525797 0.623515 0.012164 0.003563
1 0.549497 0.623515 0.012584 0.003563
1 0.587458 0.623515 0.011326 0.003563
1 0.660445 0.623515 0.013003 0.003563
0 0.689597 0.586105 0.003356 0.017815
1 0.692324 0.521081 0.002936 0.016033
1 0.692114 0.488124 0.002517 0.019002
