2 0.417156 0.429929 0.011326 0.027316
2 0.390940 0.204276 0.010906 0.027316
2 0.485948 0.207542 0.008809 0.019596
2 0.494547 0.208729 0.007550 0.023159
2 0.488045 0.428741 0.011326 0.024941
2 0.502517 0.428147 0.010067 0.026128
2 0.518037 0.426663 0.008389 0.021971
2 0.534396 0.426663 0.011745 0.021971
2 0.198826 0.439133 0.010067 0.042162
2 0.214765 0.437945 0.011745 0.045724
2 0.230285 0.438836 0.010906 0.042755
2 0.071518 0.387470 0.009648 0.023159
2 0.084102 0.388955 0.008809 0.024941
2 0.069841 0.444181 0.010487 0.024941
2 0.086829 0.445368 0.010067 0.027316
2 0.351510 0.665083 0.010906 0.032067
2 0.368708 0.662708 0.010906 0.033254
2 0.486997 0.667755 0.010067 0.040974
2 0.502097 0.663895 0.011745 0.036817
2 0.217911 0.887470 0.011326 0.025534
2 0.233641 0.886580 0.010906 0.028504
2 0.249790 0.887767 0.011326 0.029691
2 0.281040 0.886876 0.010067 0.027910
2 0.296141 0.887173 0.011745 0.032067
2 0.311451 0.886580 0.011326 0.027316
2 0.327391 0.887470 0.011326 0.029097
2 0.343540 0.886283 0.010906 0.026722
