0 0.039220 0.267518 0.004614 0.029097
0 0.039220 0.304632 0.003775 0.023753
0 0.039010 0.368171 0.004195 0.032067
0 0.039430 0.404691 0.004195 0.026722
0 0.039430 0.530879 0.004195 0.029691
0 0.039430 0.630048 0.003356 0.027316
0 0.039430 0.696853 0.004195 0.030285
0 0.039220 0.727435 0.004614 0.023753
0 0.039010 0.792755 0.005034 0.032067
0 0.358012 0.825119 0.004614 0.026722
0 0.357173 0.794834 0.002936 0.031473
0 0.357592 0.638064 0.004614 0.031473
0 0.375210 0.604810 0.020554 0.005344
0 0.400378 0.604810 0.023070 0.005344
0 0.581376 0.606295 0.011745 0.002375
0 0.793624 0.419834 0.004195 0.030879
0 0.220428 0.164192 0.020554 0.006532
0 0.245386 0.164786 0.021812 0.006532
0 0.291107 0.163895 0.022651 0.003563
0 0.364933 0.164489 0.013423 0.005938
0 0.392408 0.163302 0.019715 0.004751
0 0.437081 0.163599 0.019295 0.004157
0 0.514052 0.164489 0.020554 0.004751
0 0.538381 0.164489 0.018037 0.005938
0 0.585151 0.163599 0.020973 0.004157
0 0.662122 0.164489 0.020554 0.005938
0 0.685822 0.164192 0.019295 0.005344
0 0.731963 0.163599 0.020973 0.004157
0 0.067534 0.227732 0.022651 0.005344
0 0.095218 0.227732 0.021812 0.005344
