0 0.145344 0.247328 0.003775 0.020784
0 0.145344 0.288895 0.005453 0.029097
0 0.145134 0.351841 0.003356 0.026722
0 0.145344 0.394002 0.005453 0.030285
0 0.145973 0.521971 0.005034 0.028504
0 0.145344 0.626188 0.005453 0.025534
0 0.145973 0.693884 0.004195 0.029097
0 0.145344 0.730107 0.003775 0.029097
0 0.145763 0.798990 0.004614 0.030285
0 0.478398 0.832245 0.006292 0.029097
0 0.479446 0.796615 0.005034 0.029097
0 0.478188 0.636283 0.003356 0.031473
0 0.495176 0.600950 0.021393 0.003563
0 0.521393 0.602435 0.019295 0.006532
0 0.514052 0.139846 0.020554 0.005344
0 0.487836 0.140439 0.020134 0.004157
0 0.407928 0.140143 0.023070 0.004751
0 0.360319 0.139549 0.018456 0.003563
0 0.334102 0.139846 0.019715 0.005344
0 0.203020 0.205760 0.021812 0.005344
0 0.174077 0.206651 0.020973 0.003563
