0 0.153233 0.247031 0.002519 0.016627
0 0.153233 0.266627 0.002519 0.013064
0 0.152813 0.298100 0.003359 0.011876
0 0.153233 0.318290 0.002519 0.014252
0 0.153233 0.383610 0.002519 0.011876
0 0.153233 0.435273 0.002519 0.013064
0 0.153233 0.467933 0.002519 0.014252
0 0.153233 0.485748 0.002519 0.009501
0 0.152813 0.520784 0.003359 0.013064
0 0.319479 0.520784 0.002519 0.015439
0 0.319479 0.538005 0.002519 0.011876
0 0.319479 0.438242 0.002519 0.009501
0 0.328296 0.422803 0.008396 0.002375
0 0.341730 0.421615 0.011755 0.002375
0 0.167086 0.225653 0.010076 0.004751
0 0.182620 0.226247 0.009236 0.003563
0 0.248531 0.191211 0.008396 0.002375
0 0.259866 0.191211 0.010915 0.002375
0 0.284215 0.191805 0.010915 0.003563
0 0.324517 0.191805 0.009236 0.003563
0 0.337951 0.191805 0.009236 0.003563
0 0.361041 0.191805 0.010076 0.003563
0 0.400504 0.191805 0.008396 0.003563
0 0.413938 0.192399 0.010076 0.002375
0 0.437448 0.191211 0.008396 0.002375
0 0.478589 0.191805 0.010076 0.003563
0 0.491604 0.191211 0.010915 0.002375
0 0.514694 0.191805 0.010076 0.003563
0 0.547439 0.326010 0.003359 0.015439
