0 0.153523 0.247328 0.004195 0.018409
0 0.153104 0.299881 0.003356 0.016627
0 0.152894 0.320368 0.002936 0.016033
0 0.152894 0.385095 0.002936 0.017221
0 0.152894 0.436461 0.002936 0.016627
0 0.153104 0.468527 0.002517 0.016627
0 0.153104 0.519893 0.002517 0.011283
0 0.167785 0.225059 0.010906 0.003563
0 0.181418 0.225653 0.010487 0.003563
0 0.248322 0.191805 0.010906 0.003563
0 0.260696 0.191805 0.009648 0.003563
0 0.285025 0.192102 0.010487 0.002969
0 0.324874 0.191211 0.009648 0.002375
0 0.337039 0.191508 0.009648 0.002969
0 0.361367 0.191211 0.010487 0.002375
0 0.400797 0.191211 0.009648 0.002375
0 0.414639 0.191805 0.008809 0.002375
0 0.438339 0.191508 0.009228 0.002969
0 0.478817 0.191805 0.007970 0.002375
0 0.491820 0.191211 0.010487 0.002375
0 0.516149 0.191211 0.009648 0.002375
0 0.547609 0.324822 0.002936 0.014252
0 0.340604 0.421912 0.010067 0.002969
0 0.327181 0.421912 0.008389 0.002969
0 0.319631 0.438836 0.002517 0.015439
0 0.319631 0.520190 0.002517 0.016627
0 0.319421 0.537708 0.002936 0.012470
0 0.153104 0.486936 0.003356 0.010689
