0 0.281669 0.463183 0.046560 0.007126
0 0.193372 0.534442 0.004195 0.062945
0 0.192953 0.616390 0.005034 0.029691
0 0.193163 0.711698 0.006292 0.051663
0 0.364094 0.436164 0.005034 0.036223
0 0.364304 0.393112 0.004614 0.040380
0 0.364723 0.346793 0.003775 0.038005
0 0.363884 0.301960 0.004614 0.038599
0 0.364094 0.260095 0.005034 0.039192
0 0.363884 0.217043 0.004614 0.043349
0 0.487626 0.171021 0.002936 0.041568
0 0.486367 0.215558 0.004614 0.042755
0 0.486367 0.261283 0.006292 0.040380
0 0.486158 0.303741 0.004195 0.038599
0 0.486787 0.349762 0.004614 0.041568
0 0.486787 0.392518 0.005453 0.036817
0 0.486367 0.437055 0.004614 0.040380
0 0.493289 0.488717 0.005034 0.030879
0 0.489304 0.665974 0.002097 0.020784
