2 0.257550 0.347387 0.023490 0.046318
2 0.287961 0.348872 0.022232 0.048100
2 0.318582 0.355998 0.023909 0.033848
2 0.350881 0.358076 0.022232 0.041568
2 0.458054 0.352435 0.020973 0.055226
2 0.489513 0.353325 0.020973 0.057007
2 0.501049 0.771378 0.007131 0.057007
2 0.477559 0.771378 0.021393 0.057007
2 0.446309 0.771971 0.023490 0.052257
2 0.416946 0.769893 0.019295 0.054038
2 0.384228 0.769893 0.021812 0.055226
2 0.361158 0.770487 0.006711 0.055226
2 0.320680 0.792755 0.021393 0.085511
2 0.288800 0.790974 0.021393 0.085511
2 0.179530 0.789192 0.015101 0.076010
